1000000000000000000000000000000000000000000000000001110100100100011110100001110000100011000101010001110
0100000000000000000000000000000000000000000000000001100010101010011011101110011000101100011011001001101
0010000000000000000000000000000000000000000000000000110001010101001101110111001100010110001101100100111
0001000000000000000000000000000000000000000000000001000000010010110010000101000110110110111111010011000
0000100000000000000000000000000000000000000000000000100000001001011001000010100011011011011111101001100
0000010000000000000000000000000000000000000000000000010000000100101100100001010001101101101111110100110
0000001000000000000000000000000000000000000000000001010000111010000010101110001000001011001110011011001
0000000100000000000000000000000000000000000000000000101000011101000001010111000100000101100111001101101
0000000010000000000000000000000000000000000000000000010100001110100000101011100010000010110011100110111
0000000001000000000000000000000000000000000000000001010010111111000100101011010001111100100000010010000
0000000000100000000000000000000000000000000000000000101001011111100010010101101000111110010000001001000
0000000000010000000000000000000000000000000000000000010100101111110001001010110100011111001000000100100
0000000000001000000000000000000000000000000000000000001010010111111000100101011010001111100100000010010
0000000000000100000000000000000000000000000000000001011101110011101000101100001101111010001011100000011
0000000000000010000000000000000000000000000000000001110110000001100000101000100110000000111100010001010
0000000000000001000000000000000000000000000000000001100011111000100100101010110011111101100111101001111
0000000000000000100000000000000000000000000000000001101001000100000110101011111001000011001010010101100
0000000000000000010000000000000000000000000000000000110100100010000011010101111100100001100101001010110
0000000000000000001000000000000000000000000000000001000010101001010101010100011110101101001011000100001
0000000000000000000100000000000000000000000000000000100001010100101010101010001111010110100101100010001
0000000000000000000010000000000000000000000000000000010000101010010101010101000111101011010010110001001
0000000000000000000001000000000000000000000000000000001000010101001010101010100011110101101001011000101
0000000000000000000000100000000000000000000000000000000100001010100101010101010001111010110100101100011
0000000000000000000000010000000000000000000000000001011010111101000110010100001000000000100011110111010
0000000000000000000000001000000000000000000000000001110101100110110111110100100100111101101000011010111
0000000000000000000000000100000000000000000000000001100010001011001111000100110010100011001101101100000
0000000000000000000000000010000000000000000000000000110001000101100111100010011001010001100110110110000
0000000000000000000000000001000000000000000000000000011000100010110011110001001100101000110011011011000
0000000000000000000000000000100000000000000000000000001100010001011001111000100110010100011001101101100
0000000000000000000000000000010000000000000000000000000110001000101100111100010011001010001100110110110
0000000000000000000000000000001000000000000000000001011011111100000010100000101001011000111111111010001
0000000000000000000000000000000100000000000000000000101101111110000001010000010100101100011111111101001
0000000000000000000000000000000010000000000000000000010110111111000000101000001010010110001111111110101
0000000000000000000000000000000001000000000000000000001011011111100000010100000101001011000111111111011
0000000000000000000000000000000000100000000000000001011101010111100100110100100010011000011010011110110
0000000000000000000000000000000000010000000000000001110110010011100110100100110001110001110100101110001
0000000000000000000000000000000000001000000000000000111011001001110011010010011000111000111010010111001
0000000000000000000000000000000000000100000000000000011101100100111001101001001100011100011101001011101
0000000000000000000000000000000000000010000000000000001110110010011100110100100110001110001110100101111
0000000000000000000000000000000000000001000000000001011111100001011010100100110011111010111110110011100
0000000000000000000000000000000000000000100000000000101111110000101101010010011001111101011111011001110
0000000000000000000000000000000000000000010000000001001111000000000010010111101100000011010110001101101
0000000000000000000000000000000000000000001000000000100111100000000001001011110110000001101011000110111
0000000000000000000000000000000000000000000100000001001011001000010100011011011011111101001100000010000
0000000000000000000000000000000000000000000010000000100101100100001010001101101101111110100110000001000
0000000000000000000000000000000000000000000001000000010010110010000101000110110110111111010011000000100
0000000000000000000000000000000000000000000000100000001001011001000010100011011011011111101001100000010
0000000000000000000000000000000000000000000000010001011100010100110101101111001101010010001101010001011
0000000000000000000000000000000000000000000000001001110110110010001110001001000110010100111111001001110
0000000000000000000000000000000000000000000000000101100011100001010011111010000011110111100110000101101
0000000000000000000000000000000000000000000000000010110001110000101001111101000001111011110011000010111