100000000000000000010010001100100101000001000000000000000000100100011001001010000000000000000000000000000000000000000000000000000000000000000000000000000000000000000000000000000
010000000000000000000111101100001011100010100000000000000000001111011000010111000100000000000000000000000000000000000000000000000000000000000000000000000000000000000000000000000
001000000000000000010100101110011001011000010000000000000000101001011100110010110000000000000000000000000000000000000000000000000000000000000000000000000000000000000000000000000
000100000000000000010010011110000010111010001000000000000000100100111100000101110100000000000000000000000000000000000000000000000000000000000000000000000000000000000000000000000
000010000000000000010111011001111010101110000100000000000000101110110011110101011100000000000000000000000000000000000000000000000000000000000000000000000000000000000000000000000
000001000000000000000111101001001101101000000010000000000000001111010010011011010000000000000000000000000000000000000000000000000000000000000000000000000000000000000000000000000
000000100000000000010111000010011101000110000001000000000000101110000100111010001100000000000000000000000000000000000000000000000000000000000000000000000000000000000000000000000
000000010000000000010100011011000111001100000000100000000000101000110110001110011000000000000000000000000000000000000000000000000000000000000000000000000000000000000000000000000
000000001000000000000100101011111111110110000000010000000000001001010111111111101100000000000000000000000000000000000000000000000000000000000000000000000000000000000000000000000
000000000100000000010010110000111011010010000000001000000000100101100001110110100100000000000000000000000000000000000000000000000000000000000000000000000000000000000000000000000
000000000010000000010010110000110100110110000000000100000000100101100001101001101100000000000000000000000000000000000000000000000000000000000000000000000000000000000000000000000
000000000001000000000001011010011100111100000000000010000000000010110100111001111000000000000000000000000000000000000000000000000000000000000000000000000000000000000000000000000
000000000000100000010001000110100011000000000000000001000000100010001101000110000000000000000000000000000000000000000000000000000000000000000000000000000000000000000000000000000
000000000000010000010001000010011110011110000000000000100000100010000100111100111100000000000000000000000000000000000000000000000000000000000000000000000000000000000000000000000
000000000000001000010000001111100000111110000000000000010000100000011111000001111100000000000000000000000000000000000000000000000000000000000000000000000000000000000000000000000
000000000000000100010000100000101111000000000000000000001000100001000001011110000000000000000000000000000000000000000000000000000000000000000000000000000000000000000000000000000
000000000000000010010000010110101100000000000000000000000100100000101101011000000000000000000000000000000000000000000000000000000000000000000000000000000000000000000000000000000
000000000000000001010000001001111100000000000000000000000010100000010011111000000000000000000000000000000000000000000000000000000000000000000000000000000000000000000000000000000
000000000000000000110000001000110011000010000000000000000001100000010001100110000100000000000000000000000000000000000000000000000000000000000000000000000000000000000000000000000
000000000000000000001000000111010011000010000000000000000000010000001110100110000100000000000000000000000000000000000000000000000000000000000000000000000000000000000000000000000
000000000000000000000000000000000000000000000000000000000000000000000000000000000010000000000011000111011100000000000110001110110000000000000000000000000000000000000000000000000
000000000000000000000000000000000000000000000000000000000000000000000000000000000001000000000111101101000010000000001111011010000000000000000000000000000000000000000000000000000
000000000000000000000000000000000000000000000000000000000000000000000000000000000000100000000011110110100001000000000111101101000000000000000000000000000000000000000000000000000
000000000000000000000000000000000000000000000000000000000000000000000000000000000000010000000001111011010000100000000011110110100000000000000000000000000000000000000000000000000
000000000000000000000000000000000000000000000000000000000000000000000000000000000000001000000110110011001000010000001101100110010000000000000000000000000000000000000000000000000
000000000000000000000000000000000000000000000000000000000000000000000000000000000000000100000011011001101000001000000110110011010000000000000000000000000000000000000000000000000
000000000000000000000000000000000000000000000000000000000000000000000000000000000000000010000001101100111000000100000011011001110000000000000000000000000000000000000000000000000
000000000000000000000000000000000000000000000000000000000000000000000000000000000000000001000110111000110000000010001101110001100000000000000000000000000000000000000000000000000
000000000000000000000000000000000000000000000000000000000000000000000000000000000000000000100101010010111000000001001010100101110000000000000000000000000000000000000000000000000
000000000000000000000000000000000000000000000000000000000000000000000000000000000000000000010100100111110000000000101001001111100000000000000000000000000000000000000000000000000
000000000000000000000000000000000000000000000000000000000000000000000000000000000000000000001100011101011000000000011000111010110000000000000000000000000000000000000000000000000
000000000000000000000000000000000000000000000000000000000000000000000000000000000000000000000000000000000000000000000000000000001111111111111110101010101010101010101010101010101
000000000000000000000000000000000000000000000000000000000000000000000000000000000000000000000000000000000000000000000000000000000000000000000000000111100110011000011001100110011
000000000000000000000000000000000000000000000000000000000000000000000000000000000000000000000000000000000000000000000000000000000000000000000001100000011001100110000000000000000
000000000000000000000000000000000000000000000000000000000000000000000000000000000000000000000000000000000000000000000000000000000000000000000000000000000000000001111000000001111
000000000000000000000000000000000000000000000000000000000000000000000000000000000000000000000000000000000000000000000000000000000000000000000000011110000000000000000111100000000
000000000000000000000000000000000000000000000000000000000000000000000000000000000000000000000000000000000000000000000000000000000000000000000000000001111000011110000000000000000
000000000000000000000000000000000000000000000000000000000000000000000000000000000000000000000000000000000000000000000000000000000000000000000000000000000111111110000000000000000
000000000000000000000000000000000000000000000000000000000000000000000000000000000000000000000000000000000000000000000000000000000000000000000000000000000000000001111111100000000
000000000000000000000000000000000000000000000000000000000000000000000000000000000000000000000000000000000000000000000000000000000000000000000000000000000000000000000000011111111
000000000000000000000000000000000000000000000000000000000000000000000000000000000000000000000000000000000000000000000000000000001010101010101010000000000000000000000000000000000
000000000000000000000000000000000000000000000000000000000000000000000000000000000000000000000000000000000000000000000000000000000110011001100110000000000000000000000000000000000
000000000000000000000000000000000000000000000000000000000000000000000000000000000000000000000000000000000000000000000000000000000001111000011110000000000000000000000000000000000
000000000000000000000000000000000000000000000000000000000000000000000000000000000000000000000000000000000000000000000000000000000000000111111110000000000000000000000000000000000
000000000000000000000000000000000000000000000000000000000000000000000000000000000000000000000000000000000111111111111111111111111111111111111111111111111111111111111111111111111
000000000000000000000000000000000000000001111111111111111111111111111111111111111111111111111111111111111111111111111111111111111111111111111111111111111111111111111111111111111