10000000000000000001001000110010010100000
01000000000000000000011110110000101110001
00100000000000000001010010111001100101100
00010000000000000001001001111000001011101
00001000000000000001011101100111101010111
00000100000000000000011110100100110110100
00000010000000000001011100001001110100011
00000001000000000001010001101100011100110
00000000100000000000010010101111111111011
00000000010000000001001011000011101101001
00000000001000000001001011000011010011011
00000000000100000000000101101001110011110
00000000000010000001000100011010001100000
00000000000001000001000100001001111001111
00000000000000100001000000111110000011111
00000000000000010001000010000010111100000
00000000000000001001000001011010110000000
00000000000000000101000000100111110000000
00000000000000000011000000100011001100001
00000000000000000000100000011101001100001