10000000000000000000000011110111011011100011001
01000000000000000000000001111011101101110001101
00100000000000000000000000111101110110111000111
00010000000000000000000111110000001100011010010
00001000000000000000000100010110110001001011001
00000100000000000000000010001011011000100101101
00000010000000000000000001000101101100010010111
00000001000000000000000111001100000001001111010
00000000100000000000000100001000110111100001101
00000000010000000000000010000100011011110000111
00000000001000000000000110101100111010111110010
00000000000100000000000100111000101010011001001
00000000000010000000000010011100010101001100101
00000000000001000000000001001110001010100110011
00000000000000100000000111001001110010010101000
00000000000000010000000011100100111001001010100
00000000000000001000000001110010011100100101010
00000000000000000100000111010111111001010100101
00000000000000000010000011101011111100101010011
00000000000000000001000110011011001001010011000
00000000000000000000100011001101100100101001100
00000000000000000000010001100110110010010100110
00000000000000000000001111011101101110001100011