1111111111111110101010101010101010101010101010101
0000000000000000000111100110011000011001100110011
0000000000000001100000011001100110000000000000000
0000000000000000000000000000000001111000000001111
0000000000000000011110000000000000000111100000000
0000000000000000000001111000011110000000000000000
0000000000000000000000000111111110000000000000000
0000000000000000000000000000000001111111100000000
0000000000000000000000000000000000000000011111111
1010101010101010000000000000000000000000000000000
0110011001100110000000000000000000000000000000000
0001111000011110000000000000000000000000000000000
0000000111111110000000000000000000000000000000000