10000000000000000000000000000001000011101011101101011100001101011
01000000000000000000000000000001100010011110011011110010001011110
00100000000000000000000000000001010010100100100000100101001000100
00010000000000000000000000000001001010111001111101001110101001001
00001000000000000000000000000001100110110111010011111011011001111
00000100000000000000000000000001110000110000000100100001100001100
00000010000000000000000000000001011011110011101111001100111101101
00000001000000000000000000000001101110010010011010111010010011101
00000000100000000000000000000001110100100010100000000001000100101
00000000010000000000000000000001111001111010111101011100101111001
00000000001000000000000000000001111111010110110011110010011010111
00000000000100000000000000000001111100000000110100100101000000000
00000000000010000000000000000001011101101011110111001110101101011
00000000000001000000000000000001101101011110010110111011011011110
00000000000000100000000000000001010101000100100110000001100000100
00000000000000010000000000000001001001001001111110011100111101001
00000000000000001000000000000001100111001111010010010010010011111
00000000000000000100000000000001110000001100000100010101000100100
00000000000000000010000000000001011011101101101111010110101111001
00000000000000000001000000000001101110011101011010110111011010111
00000000000000000000100000000001110100100101000000000111100000000
00000000000000000000010000000001011001111001001101011111111101011
00000000000000000000001000000001101111010111001011110011110011110
00000000000000000000000100000001010100000000001000100101110100100
00000000000000000000000010000001001001101011101001001110110111001
00000000000000000000000001000001100111011110011001111011010110111
00000000000000000000000000100001110000000100100001100001100110000
00000000000000000000000000010001011011101001111101101100111110011
00000000000000000000000000001001101110011111010011101010010010010
00000000000000000000000000000101010100100100000100101001000100010
00000000000000000000000000000011001001111001101111001000101111010
00101001000111011100010011111000000010101000000011100101101101100