100000000000000000000000000000001000011101011101101011100001101011
010000000000000000000000000000001100010011110011011110010001011110
001000000000000000000000000000001010010100100100000100101001000100
000100000000000000000000000000001001010111001111101001110101001001
000010000000000000000000000000001100110110111010011111011011001111
000001000000000000000000000000001110000110000000100100001100001100
000000100000000000000000000000001011011110011101111001100111101101
000000010000000000000000000000001101110010010011010111010010011101
000000001000000000000000000000001110100100010100000000001000100101
000000000100000000000000000000001111001111010111101011100101111001
000000000010000000000000000000001111111010110110011110010011010111
000000000001000000000000000000001111100000000110100100101000000000
000000000000100000000000000000001011101101011110111001110101101011
000000000000010000000000000000001101101011110010110111011011011110
000000000000001000000000000000001010101000100100110000001100000100
000000000000000100000000000000001001001001001111110011100111101001
000000000000000010000000000000001100111001111010010010010010011111
000000000000000001000000000000001110000001100000100010101000100100
000000000000000000100000000000001011011101101101111010110101111001
000000000000000000010000000000001101110011101011010110111011010111
000000000000000000001000000000001110100100101000000000111100000000
000000000000000000000100000000001011001111001001101011111111101011
000000000000000000000010000000001101111010111001011110011110011110
000000000000000000000001000000001010100000000001000100101110100100
000000000000000000000000100000001001001101011101001001110110111001
000000000000000000000000010000001100111011110011001111011010110111
000000000000000000000000001000001110000000100100001100001100110000
000000000000000000000000000100001011011101001111101101100111110011
000000000000000000000000000010001101110011111010011101010010010010
000000000000000000000000000001001010100100100000100101001000100010
000000000000000000000000000000101001001111001101111001000101111010
110101101110001000111011000001111111101010111111100011010010010011
111111111111111111111111111111111111111111111111111111111111111111
