1000000000000000000000000000000000000001101010010011000101000111101110000101100
0100000000000000000000000000000000000000110101001001100010100011110111000010110
0010000000000000000000000000000000000001010110111001001000101011001111100111101
0001000000000000000000000000000000000000101011011100100100010101100111110011111
0000100000000000000000000000000000000001011001110011101011110000000111111111000
0000010000000000000000000000000000000000101100111001110101111000000011111111100
0000001000000000000000000000000000000000010110011100111010111100000001111111110
0000000100000000000000000000000000000001000111010011100100100100110100111001001
0000000010000000000000000000000000000000100011101001110010010010011010011100101
0000000001000000000000000000000000000000010001110100111001001001001101001110011
0000000000100000000000000000000000000001000100100111100101011110010010100001110
0000000000010000000000000000000000000001101110001110001011010101111101010110001
0000000000001000000000000000000000000000110111000111000101101010111110101011001
0000000000000100000000000000000000000000011011100011100010110101011111010101101
0000000000000010000000000000000000000000001101110001110001011010101111101010111
0000000000000001000000000000000000000001001010100101000001010111100011110011100
0000000000000000100000000000000000000000100101010010100000101011110001111001110
0000000000000000010000000000000000000001011110110100101001101111001100111010001
0000000000000000001000000000000000000000101111011010010100110111100110011101001
0000000000000000000100000000000000000000010111101101001010011011110011001110101
0000000000000000000010000000000000000000001011110110100101001101111001100111011
0000000000000000000001000000000000000001001001100110101011011100001000110101010
0000000000000000000000100000000000000001101000101110101100010100110000011100011
0000000000000000000000010000000000000001111000001010101111110000101100001000110
0000000000000000000000001000000000000001110000011000101110000010100010000010101
0000000000000000000000000100000000000000111000001100010111000001010001000001011
0000000000000000000000000010000000000001010000011011110010011010011100100110010
0000000000000000000000000001000000000001100100010000000000110111111010010101111
0000000000000000000000000000100000000001111110010101111001100001001001001100000
0000000000000000000000000000010000000000111111001010111100110000100100100110000
0000000000000000000000000000001000000000011111100101011110011000010010010011000
0000000000000000000000000000000100000000001111110010101111001100001001001001100
0000000000000000000000000000000010000000000111111001010111100110000100100100110
0000000000000000000000000000000001000001001111100001010010001001110110010100101
0000000000000000000000000000000000100000100111110000101001000100111011001010011
0000000000000000000000000000000000010001011111100101101101011000101001100011110
0000000000000000000000000000000000001001100011101111001111010110100000110111001
0000000000000000000000000000000000000100110001110111100111101011010000011011101
0000000000000000000000000000000000000010011000111011110011110101101000001101111