10000000000011000111011100000000000110001110110000000000000000000000000000000000000000000000000
01000000000111101101000010000000001111011010000000000000000000000000000000000000000000000000000
00100000000011110110100001000000000111101101000000000000000000000000000000000000000000000000000
00010000000001111011010000100000000011110110100000000000000000000000000000000000000000000000000
00001000000110110011001000010000001101100110010000000000000000000000000000000000000000000000000
00000100000011011001101000001000000110110011010000000000000000000000000000000000000000000000000
00000010000001101100111000000100000011011001110000000000000000000000000000000000000000000000000
00000001000110111000110000000010001101110001100000000000000000000000000000000000000000000000000
00000000100101010010111000000001001010100101110000000000000000000000000000000000000000000000000
00000000010100100111110000000000101001001111100000000000000000000000000000000000000000000000000
00000000001100011101011000000000011000111010110000000000000000000000000000000000000000000000000
00000000000000000000000000000000000000000000001111111111111110101010101010101010101010101010101
00000000000000000000000000000000000000000000000000000000000000000111100110011000011001100110011
00000000000000000000000000000000000000000000000000000000000001100000011001100110000000000000000
00000000000000000000000000000000000000000000000000000000000000000000000000000001111000000001111
00000000000000000000000000000000000000000000000000000000000000011110000000000000000111100000000
00000000000000000000000000000000000000000000000000000000000000000001111000011110000000000000000
00000000000000000000000000000000000000000000000000000000000000000000000111111110000000000000000
00000000000000000000000000000000000000000000000000000000000000000000000000000001111111100000000
00000000000000000000000000000000000000000000000000000000000000000000000000000000000000011111111
00000000000000000000000000000000000000000000001010101010101010000000000000000000000000000000000
00000000000000000000000000000000000000000000000110011001100110000000000000000000000000000000000
00000000000000000000000000000000000000000000000001111000011110000000000000000000000000000000000
00000000000000000000000000000000000000000000000000000111111110000000000000000000000000000000000
00000000000000000000000111111111111111111111111111111111111111111111111111111111111111111111111